C:\Users\EricPu\AppData\Local\Programs\Python\Python310\python.exe D:\Works\Projects\Stardis-GPU\debug_issues\block_firefly_noise\analyze_trace.py gpu_trace.csv --pool-size 4096 
Loading GPU trace: gpu_trace.csv ...
  Loaded 116422383 paths

path_id range: [0, 524287]
Unique pixels: 65536
T_value range: [680.000000, 850.000000]
T_done==1: 116422383 / 116422383
done_reason==-1 (failed): 0
NaN T_value: 0, Inf T_value: 0

================================================================================
BATCH STATISTICS (pool_size=4096, 128 batches)
================================================================================
 Batch   Count         Mean T          Std T          Min T          Max T   Fail%   AvgSteps
------ ------- -------------- -------------- -------------- -------------- ------- ----------
     0    4096     701.645508      35.296973     680.000000     850.000000   0.00%      496.7
     1    4096     727.197266      39.097561     680.000000     850.000000   0.00%     1033.8
     2    4096     712.697754      47.116280     680.000000     850.000000   0.00%     1830.8
     3    4096     750.273438      45.525613     680.000000     850.000000   0.00%     4011.1
     4    4096     727.319336      38.199742     680.000000     850.000000   0.00%     1005.6
     5    4096     727.880859      39.982924     680.000000     850.000000   0.00%     1100.3
     6    4096     752.895508      45.378345     680.000000     850.000000   0.00%     4042.3
     7    4096     751.550293      45.657778     680.000000     850.000000   0.00%     4209.1
     8    4096     716.713867      54.568103     680.000000     850.000000   0.00%     2988.8
     9    4096     761.406250      56.320919     680.000000     850.000000   0.00%     6180.3
    10    4096     721.599121      62.249941     680.000000     850.000000   0.00%     3468.9
    11    4096     768.933105      63.394454     680.000000     850.000000   0.00%     7145.0
    12    4096     760.178223      56.471720     680.000000     850.000000   0.00%     6267.9
    13    4096     761.191406      56.276439     680.000000     850.000000   0.00%     6084.5
    14    4096     770.646973      62.694980     680.000000     850.000000   0.00%     7358.7
    15    4096     772.604980      63.437702     680.000000     850.000000   0.00%     7380.7
    16    4096     727.773438      38.752815     680.000000     850.000000   0.00%     1046.6
    17    4096     727.504883      39.000263     680.000000     850.000000   0.00%     1027.0
    18    4096     751.870117      44.616078     680.000000     850.000000   0.00%     4165.2
    19    4096     751.628418      44.582587     680.000000     850.000000   0.00%     4225.9
    20    4096     728.256836      39.859843     680.000000     850.000000   0.00%     1038.2
    21    4096     727.670898      38.786463     680.000000     850.000000   0.00%     1004.3
    22    4096     752.077637      45.641637     680.000000     850.000000   0.00%     3981.5
    23    4096     752.480469      44.619152     680.000000     850.000000   0.00%     4207.6
    24    4096     760.451660      55.471753     680.000000     850.000000   0.00%     6479.9
    25    4096     759.880371      56.157131     680.000000     850.000000   0.00%     6222.7
    26    4096     771.865234      63.319914     680.000000     850.000000   0.00%     7282.3
    27    4096     771.525879      62.404543     680.000000     850.000000   0.00%     7609.8
    28    4096     759.155273      55.396470     680.000000     850.000000   0.00%     6318.6
    29    4096     760.695801      55.383334     680.000000     850.000000   0.00%     6262.2
    30    4096     774.633789      62.604309     680.000000     850.000000   0.00%     7546.3
    31    4096     771.728516      62.751763     680.000000     850.000000   0.00%     7333.6
    32    4096     727.124023      68.444850     680.000000     850.000000   0.00%     3317.6
    33    4096     780.981445      66.802046     680.000000     850.000000   0.00%     7318.2
    34    4096     733.395996      74.034247     680.000000     850.000000   0.00%     2851.6
    35    4096     795.317383      68.539784     680.000000     850.000000   0.00%     6192.1
    36    4096     782.265625      67.197628     680.000000     850.000000   0.00%     7402.0
    37    4096     784.882812      66.405963     680.000000     850.000000   0.00%     7304.7
    38    4096     795.568848      67.939244     680.000000     850.000000   0.00%     6279.6
    39    4096     796.916504      67.671143     680.000000     850.000000   0.00%     6311.2
    40    4096     740.122070      78.931059     680.000000     850.000000   0.00%     1891.4
    41    4096     808.073730      66.607419     680.000000     850.000000   0.00%     4167.3
    42    4096     729.172363      76.546386     680.000000     850.000000   0.00%      472.7
    43    4096     785.559082      81.276017     680.000000     850.000000   0.00%      969.0
    44    4096     808.334961      66.553411     680.000000     850.000000   0.00%     4211.5
    45    4096     810.134277      65.176342     680.000000     850.000000   0.00%     4309.5
    46    4096     785.732422      81.253009     680.000000     850.000000   0.00%      968.7
    47    4096     785.017090      81.285147     680.000000     850.000000   0.00%     1071.4
    48    4096     784.338379      66.476630     680.000000     850.000000   0.00%     7483.8
    49    4096     783.654785      66.530560     680.000000     850.000000   0.00%     7323.1
    50    4096     796.687012      67.056454     680.000000     850.000000   0.00%     6304.5
    51    4096     796.789551      67.793925     680.000000     850.000000   0.00%     6236.3
    52    4096     785.563965      66.185289     680.000000     850.000000   0.00%     7508.9
    53    4096     782.829590      66.190836     680.000000     850.000000   0.00%     7483.7
    54    4096     795.202637      68.127924     680.000000     850.000000   0.00%     6267.9
    55    4096     797.241211      67.059882     680.000000     850.000000   0.00%     6260.4
    56    4096     812.685547      63.937872     680.000000     850.000000   0.00%     4116.9
    57    4096     810.927734      64.936257     680.000000     850.000000   0.00%     4287.6
    58    4096     787.097168      80.818544     680.000000     850.000000   0.00%     1041.5
    59    4096     786.503906      80.883392     680.000000     850.000000   0.00%     1127.0
    60    4096     810.166016      64.970484     680.000000     850.000000   0.00%     4284.9
    61    4096     811.291504      64.717060     680.000000     850.000000   0.00%     4225.3
    62    4096     785.534668      81.271675     680.000000     850.000000   0.00%     1094.2
    63    4096     786.904297      80.733555     680.000000     850.000000   0.00%     1008.5
    64    4096     727.084961      38.812935     680.000000     850.000000   0.00%      980.6
    65    4096     728.007812      39.628844     680.000000     850.000000   0.00%     1112.3
    66    4096     753.208008      45.253320     680.000000     850.000000   0.00%     4278.3
    67    4096     752.751465      45.131889     680.000000     850.000000   0.00%     4164.1
    68    4096     727.434082      38.756086     680.000000     850.000000   0.00%     1071.9
    69    4096     727.932129      39.232708     680.000000     850.000000   0.00%     1003.9
    70    4096     752.561035      44.737283     680.000000     850.000000   0.00%     4115.7
    71    4096     752.426758      45.720357     680.000000     850.000000   0.00%     4186.0
    72    4096     762.758789      55.366379     680.000000     850.000000   0.00%     6409.8
    73    4096     761.884766      55.662842     680.000000     850.000000   0.00%     6326.1
    74    4096     772.416992      62.222571     680.000000     850.000000   0.00%     7440.0
    75    4096     772.883301      62.821533     680.000000     850.000000   0.00%     7334.9
    76    4096     762.302246      55.346013     680.000000     850.000000   0.00%     6439.6
    77    4096     761.833496      55.444604     680.000000     850.000000   0.00%     6401.4
    78    4096     771.821289      62.001948     680.000000     850.000000   0.00%     7585.4
    79    4096     771.584473      62.617111     680.000000     850.000000   0.00%     7330.4
    80    4096     727.490234      39.638256     680.000000     850.000000   0.00%     1063.2
    81    4096     727.219238      39.618010     680.000000     850.000000   0.00%     1025.8
    82    4096     750.722656      45.311587     680.000000     850.000000   0.00%     4031.7
    83    4096     752.736816      46.009245     680.000000     850.000000   0.00%     4262.6
    84    4096     726.914062      38.865735     680.000000     850.000000   0.00%     1020.7
    85    4096     702.275391      36.050750     680.000000     850.000000   0.00%      536.4
    86    4096     751.025391      46.207998     680.000000     850.000000   0.00%     4061.3
    87    4096     712.258301      47.224765     680.000000     850.000000   0.00%     1910.7
    88    4096     760.739746      54.781746     680.000000     850.000000   0.00%     6357.2
    89    4096     761.501465      56.975499     680.000000     850.000000   0.00%     6427.1
    90    4096     770.095215      62.387130     680.000000     850.000000   0.00%     7379.8
    91    4096     769.709473      63.219982     680.000000     850.000000   0.00%     7330.9
    92    4096     760.744629      56.713431     680.000000     850.000000   0.00%     6239.0
    93    4096     717.097168      55.646909     680.000000     850.000000   0.00%     2784.8
    94    4096     770.161133      62.627787     680.000000     850.000000   0.00%     7303.7
    95    4096     721.491699      62.394414     680.000000     850.000000   0.00%     3268.4
    96    4096     783.122559      66.920550     680.000000     850.000000   0.00%     7670.6
    97    4096     784.731445      66.064201     680.000000     850.000000   0.00%     7629.1
    98    4096     797.109375      67.313789     680.000000     850.000000   0.00%     6433.9
    99    4096     795.590820      67.360914     680.000000     850.000000   0.00%     6334.3
   100    4096     782.556152      66.905544     680.000000     850.000000   0.00%     7418.7
   101    4096     782.622070      66.465303     680.000000     850.000000   0.00%     7463.6
   102    4096     797.456055      67.414030     680.000000     850.000000   0.00%     6264.3
   103    4096     798.457031      67.012214     680.000000     850.000000   0.00%     6282.8
   104    4096     812.541504      63.670376     680.000000     850.000000   0.00%     4073.6
   105    4096     812.177734      63.900280     680.000000     850.000000   0.00%     4175.1
   106    4096     785.261230      81.150962     680.000000     850.000000   0.00%     1107.5
   107    4096     787.346191      80.569950     680.000000     850.000000   0.00%     1089.9
   108    4096     810.820312      64.775084     680.000000     850.000000   0.00%     4214.8
   109    4096     808.920898      66.038930     680.000000     850.000000   0.00%     4268.5
   110    4096     784.926758      81.286317     680.000000     850.000000   0.00%     1122.7
   111    4096     786.652832      80.854220     680.000000     850.000000   0.00%     1063.9
   112   34268     754.072021      25.705858     680.000000     850.000000   0.00%    54442.5
   113  116626     799.669542      50.800620     680.000000     850.000000   0.00%    58788.3
   114  169273     778.349353      45.639793     680.000000     850.000000   0.00%    53220.0
   115  354277     783.845945      55.977394     680.000000     850.000000   0.00%    47946.8
   116  771082     809.005385      49.311300     680.000000     850.000000   0.00%    42072.8
   117  628356     796.006945      60.301114     680.000000     850.000000   0.00%    37902.9
   118 2863737     793.273035      55.235664     680.000000     850.000000   0.00%    30960.9
   119 2786235     777.659257      59.523021     680.000000     850.000000   0.00%    26347.7
   120 5636313     786.187470      56.601477     680.000000     850.000000   0.00%    22716.6
   121 10957685     793.362001      55.854010     680.000000     850.000000   0.00%    18369.2
   122 4372423     787.043930      58.576746     680.000000     850.000000   0.00%    15649.2
   123 3910202     796.455669      57.159537     680.000000     850.000000   0.00%    14701.9
   124 27487739     795.316265      56.793325     680.000000     850.000000   0.00%    12015.9
   125 20318043     805.493770      56.403816     680.000000     850.000000   0.00%     8763.9
   126 16176607     815.283677      56.583427     680.000000     850.000000   0.00%     6161.0
   127 19380765     799.247778      74.086461     680.000000     850.000000   0.00%     2596.1

Global batch-mean: 768.887414 +/- 28.543234
ANOMALOUS BATCHES (|mean - global| > 2*sigma): [0, 85]
Batch-index vs mean-T correlation: 0.4231

================================================================================
DONE_REASON DISTRIBUTION PER BATCH
================================================================================
 Batch      r=1      r=2      r=3
     0     2851       47     1198
     1     1403       87     2606
     2     2392      135     1569
     3      414      290     3392
     4     1379       81     2636
     5     1417       63     2616
     6      367      245     3484
     7      402      263     3431
     8     2359      193     1544
     9      412      332     3352
    10     2376      213     1507
    11      442      413     3241
    12      431      352     3313
    13      404      344     3348
    14      404      385     3307
    15      405      378     3313
    16     1392       60     2644
    17     1404       68     2624
    18      396      226     3474
    19      414      215     3467
    20     1388       70     2638
    21     1402       56     2638
    22      438      209     3449
    23      415      187     3494
    24      405      332     3359
    25      440      339     3317
    26      392      400     3304
    27      425      334     3337
    28      439      331     3326
    29      434      293     3369
    30      375      335     3386
    31      411      359     3326
    32     2379      201     1516
    33      407      393     3296
    34     2376      177     1543
    35      392      372     3332
    36      408      394     3294
    37      401      335     3360
    38      424      311     3361
    39      399      320     3377
    40     2384      134     1578
    41      420      269     3407
    42     2845       38     1213
    43     1398       87     2611
    44      422      266     3408
    45      400      237     3459
    46     1410       72     2614
    47     1436       55     2605
    48      398      347     3351
    49      410      345     3341
    50      393      298     3405
    51      414      311     3371
    52      411      308     3377
    53      403      346     3347
    54      434      311     3351
    55      392      298     3406
    56      401      201     3494
    57      411      221     3464
    58     1391       54     2651
    59     1395       59     2642
    60      409      219     3468
    61      417      208     3471
    62     1406       79     2611
    63     1393       49     2654
    64     1421       67     2608
    65     1397       67     2632
    66      421      177     3498
    67      414      195     3487
    68     1405       64     2627
    69     1398       59     2639
    70      411      192     3493
    71      435      203     3458
    72      405      267     3424
    73      400      306     3390
    74      390      344     3362
    75      428      323     3345
    76      388      295     3413
    77      400      299     3397
    78      417      319     3360
    79      428      339     3329
    80     1407       83     2606
    81     1422       81     2593
    82      426      256     3414
    83      406      231     3459
    84     1412       86     2598
    85     2837       37     1222
    86      438      262     3396
    87     2400      157     1539
    88      374      329     3393
    89      401      366     3329
    90      411      376     3309
    91      418      413     3265
    92      407      370     3319
    93     2393      178     1525
    94      413      383     3300
    95     2404      197     1495
    96      413      366     3317
    97      391      331     3374
    98      421      281     3394
    99      422      286     3388
   100      411      374     3311
   101      417      347     3332
   102      420      286     3390
   103      384      302     3410
   104      407      182     3507
   105      398      198     3500
   106     1409       72     2615
   107     1377       52     2667
   108      423      201     3472
   109      441      227     3428
   110     1415       77     2604
   111     1397       54     2645
   112      415      363    33490
   113      402      390   115834
   114      413      323   168537
   115      441    26187   327649
   116      398      425   770259
   117     2371    58467   567518
   118      425   143058  2720254
   119     2379   358684  2425172
   120      400   423277  5212636
   121      401   610774 10346510
   122     1379   402462  3968582
   123     1406   254819  3653977
   124      393  1726066 25761280
   125     2372  1212565 19103106
   126     1404  1269989 14905214
   127  4181585   687009 14512171

================================================================================
STEPS_TAKEN DISTRIBUTION PER BATCH
================================================================================
 Batch     Median        P90        P99        Max
     0          2        448      12614      38493
     1         38       1787      18741      59976
     2          2       6070      22344      59120
     3       1462      11406      28055      55595
     4         44       1971      17028      60760
     5         39       2335      18916      54897
     6       1497      11733      29014      58113
     7       1510      12390      28591      50310
     8          2       9933      26621      61123
     9       4015      15008      29774      59312
    10          2      11688      27082      50754
    11       5081      16510      32712      54409
    12       3998      15746      30996      55242
    13       3859      14702      33084      50276
    14       5290      16508      33212      50601
    15       5274      16746      34174      63660
    16         43       2118      18342      43313
    17         44       2449      17323      54227
    18       1434      12078      27997      55116
    19       1484      11976      29849      62959
    20         39       2432      17086      46890
    21         39       2138      17889      38677
    22       1396      11644      25776      54296
    23       1586      12004      28591      55023
    24       4172      15740      31983      61841
    25       3966      15196      31281      53707
    26       5268      16558      31383      70904
    27       5440      17172      32794      82674
    28       3958      15842      32238      63539
    29       3977      15360      32460      79404
    30       5622      16804      32785      61491
    31       5542      16212      32878      55943
    32          2      10961      26261      46164
    33       5298      16563      32682      51002
    34          2       9937      24254      43943
    35       3941      15422      29534      54519
    36       5486      16540      32477      58541
    37       5320      16408      32039      60280
    38       4188      15460      31016      49616
    39       4012      15390      32083      66852
    40          2       5841      23911      49422
    41       1462      11726      31074      44919
    42          2        466      11786      39514
    43         39       2139      16562      34832
    44       1502      11870      28725      48628
    45       1610      12386      28281      41293
    46         40       2018      15514      42575
    47         39       2316      18705      57752
    48       5542      17041      32467      47589
    49       5488      15980      31750      58799
    50       4149      15182      30236      52326
    51       3971      15048      32527      65378
    52       5382      16828      32997      82721
    53       5616      16628      32442      58998
    54       4081      15277      30124      56765
    55       4178      15202      29935      54360
    56       1531      11750      27132      59556
    57       1494      12386      30008      67246
    58         40       2222      15855      45080
    59         44       2168      19454      61747
    60       1637      12118      28291      58195
    61       1488      12314      30060      58704
    62         39       2286      18637      70453
    63         44       1982      16504      41140
    64         39       2176      16267      36201
    65         44       2304      18637      56465
    66       1563      12257      28093      48902
    67       1554      11848      26696      47256
    68         39       2358      18232      47699
    69         38       2262      16436      41133
    70       1515      11718      28325      59108
    71       1504      11742      30336      50441
    72       4146      15350      32574      65268
    73       4046      15174      30642      55019
    74       5342      16608      32341      61468
    75       5335      16608      32450      55791
    76       4136      15702      32102      63106
    77       4228      15432      31284      55942
    78       5626      17063      32123      58694
    79       5289      16609      32089      55513
    80         39       2324      17945      46606
    81         40       2255      15973      41154
    82       1358      11478      28700      52911
    83       1490      12460      29485      55649
    84         39       2136      17731      45375
    85          2        537      12990      50324
    86       1372      12040      28057      61914
    87          2       6594      20601      60030
    88       4156      15488      30331      56298
    89       4329      15476      31087      68124
    90       5500      16370      31887      70125
    91       5363      16322      34634      63272
    92       3881      15549      31004      68567
    93          2       9127      25674      42946
    94       5304      16469      32168      68995
    95          2      10905      26430      73630
    96       5646      16974      34160      63047
    97       5626      16836      33723      48801
    98       4082      15790      29971      64384
    99       4176      15166      30359      62220
   100       5376      16520      32962      54596
   101       5374      16776      33946      60668
   102       4124      14806      29331      58033
   103       3940      15356      31187      49760
   104       1585      11418      26705      53694
   105       1495      11888      29174      63303
   106         38       2523      18613      42942
   107         44       2472      17224      42451
   108       1507      12082      29214      56717
   109       1562      12277      28080      70572
   110         39       2338      18682      45670
   111         39       2420      17428      42530
   112      60811      60811      60811      60811
   113      56066      66121      66121      66121
   114      49007      68280      68280      68280
   115      45805      65291      70000      70000
   116      39196      50626      67502      67502
   117      34434      49605      59545      59545
   118      29234      38652      59515      59970
   119      25293      33439      54621      54992
   120      21173      30479      42539      60335
   121      16516      26762      40381      55648
   122      14115      23255      35357      52869
   123      13381      20824      37976      54788
   124       9815      20432      34548      63321
   125       6877      16593      33066      45197
   126       3766      14170      30462      77821
   127        660       8559      20575      43213

GPU (for plot) per-pixel mean T: shape=(256, 256), range=[680.0000, 850.0000], global mean=766.8874

Plots saved to D:\Works\Projects\Stardis-GPU\debug_issues\block_firefly_noise\trace_analysis.png
Batch trend saved to D:\Works\Projects\Stardis-GPU\debug_issues\block_firefly_noise\batch_trend.png

================================================================================
ANALYSIS COMPLETE
================================================================================

Process finished with exit code 0
