       cpuA      cpuB      cycle     raysA         raysB         step           submit    waitA     waitB     
--------------------------------------------------------------------------------------------------------------
count  386       386       386       386           386           386            386       386       386       
mean   0.273109  0.280492  0.658497  32305.696891  32300.528497  193500.000000  0.150544  0.038472  0.041762  
min    0.240000  0.250000  0.590000  29673.000000  29496.000000  1000.000000    0.070000  0.030000  0.030000  
max    0.550000  0.510000  1.140000  32802.000000  32809.000000  386000.000000  0.710000  0.280000  0.400000  
std    0.025363  0.025009  0.066001  249.653357    249.481791    111572.846159  0.084013  0.018987  0.027035  
p50    0.270000  0.270000  0.645000  32317.500000  32316.000000  193500.000000  0.150000  0.040000  0.040000  
p90    0.300000  0.300000  0.730000  32562.500000  32548.500000  347500.000000  0.240000  0.050000  0.050000  
p99    0.363000  0.381500  0.896000  32741.200000  32732.000000  382150.000000  0.586000  0.150000  0.171500  
