       cpuA      cpuB      cycle     raysA         raysB         step           submit    waitA     waitB     
--------------------------------------------------------------------------------------------------------------
count  386       386       386       386           386           386            386       386       386       
mean   0.171762  0.171710  0.494715  32305.696891  32300.528497  193500.000000  0.108472  0.053575  0.058394  
min    0.150000  0.150000  0.460000  29673.000000  29496.000000  1000.000000    0.090000  0.030000  0.030000  
max    0.270000  0.280000  2.580000  32802.000000  32809.000000  386000.000000  0.190000  0.150000  0.220000  
std    0.015442  0.014547  0.110745  249.653357    249.481791    111572.846159  0.010319  0.015714  0.017522  
p50    0.170000  0.170000  0.480000  32317.500000  32316.000000  193500.000000  0.110000  0.050000  0.060000  
p90    0.180000  0.185000  0.540000  32562.500000  32548.500000  347500.000000  0.120000  0.060000  0.070000  
p99    0.241500  0.230000  0.600000  32741.200000  32732.000000  382150.000000  0.141500  0.140000  0.130000  
