       cpuA      cpuB      cycle     raysA         raysB         step           submit    waitA     waitB     
--------------------------------------------------------------------------------------------------------------
count  386       386       386       386           386           386            386       386       386       
mean   0.215674  0.212720  0.565389  32305.696891  32300.528497  193500.000000  0.191166  0.045570  0.047409  
min    0.170000  0.180000  0.480000  29673.000000  29496.000000  1000.000000    0.070000  0.030000  0.030000  
max    0.310000  0.300000  3.360000  32802.000000  32809.000000  386000.000000  0.380000  0.560000  0.300000  
std    0.019345  0.020830  0.202679  249.653357    249.481791    111572.846159  0.053432  0.032318  0.023042  
p50    0.220000  0.210000  0.540000  32317.500000  32316.000000  193500.000000  0.180000  0.040000  0.040000  
p90    0.240000  0.240000  0.600000  32562.500000  32548.500000  347500.000000  0.260000  0.060000  0.060000  
p99    0.261500  0.271500  0.760500  32741.200000  32732.000000  382150.000000  0.324500  0.121500  0.124500  
