       cpuA      cpuB      cycle     raysA          raysB          step          submit    waitA     waitB     
---------------------------------------------------------------------------------------------------------------
count  85        85        85        85             85             85            85        85        85        
mean   1.942118  1.955412  4.522471  129081.529412  129174.941176  43000.000000  0.654118  0.289294  0.300118  
min    1.880000  1.870000  4.340000  124415.000000  124805.000000  1000.000000   0.590000  0.260000  0.270000  
max    2.120000  2.350000  5.220000  130062.000000  130060.000000  85000.000000  0.800000  0.390000  0.520000  
std    0.052895  0.068445  0.132951  850.074431     793.196222     24681.301965  0.033284  0.025014  0.034795  
p50    1.930000  1.940000  4.500000  129244.000000  129270.000000  43000.000000  0.650000  0.280000  0.290000  
p90    2.020000  2.030000  4.666000  129728.400000  129779.200000  76600.000000  0.686000  0.320000  0.330000  
p99    2.086400  2.165200  4.892400  129920.880000  130049.920000  84160.000000  0.774800  0.356400  0.410800  
